0 0.6069711538461539 0.47836538461538464 0.03125 0.038461538461538464
0 0.06370192307692307 0.49759615384615385 0.03125 0.03365384615384615
0 0.12740384615384615 0.484375 0.03365384615384615 0.036057692307692304
0 0.7355769230769231 0.47836538461538464 0.03365384615384615 0.04326923076923077
0 0.9471153846153846 0.4795673076923077 0.04807692307692308 0.05048076923076923
1 0.234375 0.45913461538461536 0.04567307692307692 0.057692307692307696
1 0.6935096153846154 0.45552884615384615 0.040865384615384616 0.055288461538461536
1 0.5204326923076923 0.4639423076923077 0.04567307692307692 0.057692307692307696
1 0.18509615384615385 0.46875 0.052884615384615384 0.0625
1 0.6442307692307693 0.46875 0.04326923076923077 0.057692307692307696
1 0.3137019230769231 0.47836538461538464 0.055288461538461536 0.0673076923076923
1 0.40865384615384615 0.453125 0.04807692307692308 0.06009615384615385