1 0.41346153846153844 0.3891566265060241 0.038461538461538464 0.04096385542168675
1 0.47836538461538464 0.2 0.03365384615384615 0.03855421686746988
1 0.47716346153846156 0.12771084337349398 0.036057692307692304 0.03855421686746988
1 0.5324519230769231 0.3542168674698795 0.040865384615384616 0.043373493975903614
1 0.6682692307692307 0.30120481927710846 0.038461538461538464 0.043373493975903614
1 0.6394230769230769 0.38313253012048193 0.038461538461538464 0.04819277108433735
1 0.515625 0.38072289156626504 0.036057692307692304 0.043373493975903614
1 0.3329326923076923 0.30120481927710846 0.036057692307692304 0.03855421686746988
1 0.16826923076923078 0.2891566265060241 0.03365384615384615 0.03855421686746988
1 0.16826923076923078 0.03855421686746988 0.03365384615384615 0.03855421686746988
1 0.24158653846153846 0.3819277108433735 0.036057692307692304 0.04578313253012048
1 0.6682692307692307 0.02530120481927711 0.038461538461538464 0.04096385542168675
1 0.14423076923076922 0.4891566265060241 0.04807692307692308 0.05301204819277108
1 0.9314903846153846 0.4602409638554217 0.04567307692307692 0.04819277108433735
1 0.3317307692307692 0.02650602409638554 0.03365384615384615 0.03855421686746988
1 0.9747596153846154 0.6132530120481928 0.05048076923076923 0.05542168674698795