0 0.5637019230769231 0.22355769230769232 0.036057692307692304 0.038461538461538464
0 0.3918269230769231 0.21514423076923078 0.03365384615384615 0.040865384615384616
1 0.32091346153846156 0.21634615384615385 0.04567307692307692 0.0625
1 0.8533653846153846 0.1971153846153846 0.21634615384615385 0.24519230769230768
1 0.5072115384615384 0.21394230769230768 0.04807692307692308 0.08653846153846154
1 0.8641826923076923 0.026442307692307692 0.21394230769230768 0.052884615384615384
1 0.9579326923076923 0.2439903846153846 0.07451923076923077 0.10817307692307693
1 0.4651442307692308 0.22115384615384615 0.06971153846153846 0.09615384615384616
1 0.25240384615384615 0.203125 0.09615384615384616 0.14182692307692307
1 0.17908653846153846 0.24158653846153846 0.07932692307692307 0.10817307692307693
1 0.6778846153846154 0.22596153846153846 0.09134615384615384 0.11057692307692307
1 0.030048076923076924 0.19471153846153846 0.06009615384615385 0.10096153846153846