1 0.6117788461538461 0.015625 0.055288461538461536 0.03125
0 0.5552884615384616 0.026442307692307692 0.057692307692307696 0.052884615384615384
0 0.07692307692307693 0.21153846153846154 0.0673076923076923 0.0625
1 0.6081730769230769 0.33413461538461536 0.052884615384615384 0.07211538461538461
0 0.07692307692307693 0.11899038461538461 0.0673076923076923 0.06490384615384616
1 0.7235576923076923 0.2956730769230769 0.0625 0.08653846153846154
1 0.390625 0.3641826923076923 0.055288461538461536 0.06971153846153846
1 0.45552884615384615 0.013221153846153846 0.07451923076923077 0.026442307692307692
1 0.7199519230769231 0.039663461538461536 0.06009615384615385 0.07932692307692307
1 0.4579326923076923 0.3449519230769231 0.06009615384615385 0.07932692307692307
1 0.21033653846153846 0.3317307692307692 0.06490384615384616 0.09134615384615384
1 0.2091346153846154 0.020432692307692308 0.0673076923076923 0.040865384615384616