1 0.021634615384615384 0.2036144578313253 0.04326923076923077 0.0746987951807229
1 0.7211538461538461 0.010843373493975903 0.04807692307692308 0.021686746987951807
1 0.3161057692307692 0.3927710843373494 0.036057692307692304 0.03855421686746988
1 0.13221153846153846 0.39759036144578314 0.038461538461538464 0.033734939759036145
1 0.3329326923076923 0.41204819277108434 0.036057692307692304 0.03855421686746988
1 0.22956730769230768 0.41204819277108434 0.055288461538461536 0.043373493975903614
1 0.020432692307692308 0.12650602409638553 0.040865384615384616 0.07951807228915662
1 0.359375 0.3891566265060241 0.04567307692307692 0.05542168674698795
1 0.7235576923076923 0.3397590361445783 0.052884615384615384 0.07228915662650602
1 0.4519230769230769 0.37349397590361444 0.057692307692307696 0.06746987951807229
1 0.7740384615384616 0.3096385542168675 0.09615384615384616 0.10361445783132531
1 0.5973557692307693 0.3301204819277108 0.06971153846153846 0.07710843373493977
1 0.7728365384615384 0.03493975903614458 0.09375 0.06987951807228916
1 0.59375 0.01927710843373494 0.07211538461538461 0.03855421686746988