1 0.6466346153846154 0.9819277108433735 0.04807692307692308 0.03614457831325301
1 0.6466346153846154 0.6771084337349398 0.052884615384615384 0.043373493975903614
0 0.7524038461538461 0.3963855421686747 0.057692307692307696 0.05060240963855422
1 0.49158653846153844 0.40120481927710844 0.04567307692307692 0.04578313253012048
1 0.7536057692307693 0.5409638554216868 0.05048076923076923 0.05060240963855422
1 0.33052884615384615 0.708433734939759 0.055288461538461536 0.05783132530120482
1 0.3473557692307692 0.2289156626506024 0.04567307692307692 0.05301204819277108
1 0.33052884615384615 0.9542168674698795 0.05048076923076923 0.05301204819277108
1 0.34615384615384615 0.09879518072289156 0.04807692307692308 0.05301204819277108
1 0.453125 0.21927710843373494 0.04567307692307692 0.04819277108433735
1 0.4543269230769231 0.10843373493975904 0.04807692307692308 0.04819277108433735