1 0.6610576923076923 0.3542168674698795 0.04326923076923077 0.05783132530120482
1 0.8173076923076923 0.3530120481927711 0.052884615384615384 0.06506024096385542
1 0.29086538461538464 0.016867469879518072 0.0673076923076923 0.033734939759036145
1 0.7199519230769231 0.016867469879518072 0.07451923076923077 0.033734939759036145
1 0.7211538461538461 0.3337349397590361 0.0673076923076923 0.07951807228915662
1 0.4014423076923077 0.31204819277108437 0.057692307692307696 0.08433734939759036
1 0.4014423076923077 0.02891566265060241 0.057692307692307696 0.05783132530120482
1 0.2920673076923077 0.3325301204819277 0.06490384615384616 0.0819277108433735
1 0.5276442307692307 0.3168674698795181 0.07451923076923077 0.09397590361445783
1 0.5264423076923077 0.02891566265060241 0.07692307692307693 0.05783132530120482
1 0.09495192307692307 0.03614457831325301 0.08413461538461539 0.07228915662650602
1 0.8834134615384616 0.3180722891566265 0.08413461538461539 0.10120481927710843
1 0.8834134615384616 0.030120481927710843 0.0889423076923077 0.060240963855421686
1 0.09735576923076923 0.30481927710843376 0.08413461538461539 0.10361445783132531