1 0.4567307692307692 0.004807692307692308 0.03365384615384615 0.009615384615384616
1 0.5673076923076923 0.4110576923076923 0.03365384615384615 0.038461538461538464
1 0.4579326923076923 0.43149038461538464 0.036057692307692304 0.03125
1 0.4098557692307692 0.4170673076923077 0.03125 0.03125
1 0.6766826923076923 0.02283653846153846 0.040865384615384616 0.040865384615384616
1 0.4098557692307692 0.013221153846153846 0.036057692307692304 0.026442307692307692
1 0.41586538461538464 0.44711538461538464 0.028846153846153848 0.03365384615384615
1 0.78125 0.008413461538461538 0.0625 0.016826923076923076
1 0.7716346153846154 0.04927884615384615 0.0625 0.06490384615384616
1 0.5673076923076923 0.019230769230769232 0.038461538461538464 0.03365384615384615
1 0.10336538461538461 0.2956730769230769 0.04326923076923077 0.04807692307692308
1 0.10336538461538461 0.1346153846153846 0.04326923076923077 0.04326923076923077
1 0.7680288461538461 0.38221153846153844 0.06490384615384616 0.07692307692307693
1 0.6358173076923077 0.38822115384615385 0.07451923076923077 0.08413461538461539
1 0.6346153846153846 0.040865384615384616 0.07692307692307693 0.08173076923076923