0 0.421875 0.1746987951807229 0.03125 0.04096385542168675
0 0.046875 0.17710843373493976 0.036057692307692304 0.04096385542168675
0 0.2932692307692308 0.18795180722891566 0.038461538461538464 0.043373493975903614
0 0.47596153846153844 0.3493975903614458 0.0625 0.06265060240963856
0 0.4807692307692308 0.1783132530120482 0.038461538461538464 0.04819277108433735
0 0.5180288461538461 0.17349397590361446 0.036057692307692304 0.043373493975903614
0 0.515625 0.006024096385542169 0.040865384615384616 0.012048192771084338
0 0.4807692307692308 0.004819277108433735 0.038461538461538464 0.00963855421686747
0 0.5973557692307693 0.43734939759036146 0.07451923076923077 0.060240963855421686
0 0.4483173076923077 0.1686746987951807 0.036057692307692304 0.04819277108433735
1 0.8088942307692307 0.4759036144578313 0.06490384615384616 0.06987951807228916
1 0.7283653846153846 0.46987951807228917 0.0673076923076923 0.06746987951807229
1 0.3870192307692308 0.1614457831325301 0.038461538461538464 0.05301204819277108
0 0.8473557692307693 0.29397590361445786 0.040865384615384616 0.04819277108433735
0 0.15865384615384615 0.27710843373493976 0.04807692307692308 0.05301204819277108
1 0.3858173076923077 0.01325301204819277 0.040865384615384616 0.02650602409638554
0 0.4483173076923077 0.010843373493975903 0.040865384615384616 0.021686746987951807
0 0.7379807692307693 0.22048192771084338 0.04326923076923077 0.05060240963855422
0 0.5576923076923077 0.15903614457831325 0.04326923076923077 0.05301204819277108
1 0.3293269230769231 0.3 0.0625 0.05542168674698795
1 0.6274038461538461 0.1602409638554217 0.04807692307692308 0.060240963855421686
1 0.33052884615384615 0.16265060240963855 0.04567307692307692 0.05542168674698795
1 0.6286057692307693 0.016867469879518072 0.04567307692307692 0.033734939759036145
1 0.4230769230769231 0.28674698795180725 0.057692307692307696 0.06265060240963856
1 0.33052884615384615 0.014457831325301205 0.04567307692307692 0.02891566265060241
0 0.5576923076923077 0.016867469879518072 0.04326923076923077 0.033734939759036145