2 0.1622596153846154 0.03132530120481928 0.05048076923076923 0.05301204819277108
1 0.16105769230769232 0.03132530120481928 0.038461538461538464 0.043373493975903614
1 0.15865384615384615 0.8879518072289156 0.038461538461538464 0.04578313253012048
1 0.7247596153846154 0.40602409638554215 0.04567307692307692 0.05060240963855422
1 0.6574519230769231 0.42771084337349397 0.040865384615384616 0.04578313253012048
1 0.7704326923076923 0.42048192771084336 0.036057692307692304 0.04578313253012048
1 0.7692307692307693 0.1493975903614458 0.03365384615384615 0.043373493975903614
1 0.15865384615384615 0.5313253012048192 0.04326923076923077 0.04578313253012048
1 0.9122596153846154 0.3530120481927711 0.055288461538461536 0.06506024096385542
1 0.9134615384615384 0.21807228915662652 0.052884615384615384 0.05542168674698795
1 0.65625 0.13855421686746988 0.038461538461538464 0.05060240963855422
1 0.7307692307692307 0.1602409638554217 0.057692307692307696 0.05542168674698795