1 0.1310096153846154 0.007228915662650603 0.06971153846153846 0.014457831325301205
1 0.1658653846153846 0.41204819277108434 0.03365384615384615 0.05301204819277108
1 0.15144230769230768 0.40843373493975904 0.04326923076923077 0.05542168674698795
1 0.01201923076923077 0.43614457831325304 0.02403846153846154 0.04819277108433735
1 0.040865384615384616 0.42048192771084336 0.04807692307692308 0.05542168674698795
1 0.6959134615384616 0.40843373493975904 0.036057692307692304 0.04578313253012048
1 0.7463942307692307 0.40240963855421685 0.036057692307692304 0.04819277108433735
1 0.33533653846153844 0.40963855421686746 0.036057692307692304 0.04819277108433735
1 0.38100961538461536 0.40602409638554215 0.040865384615384616 0.05060240963855422
1 0.23798076923076922 0.41445783132530123 0.04326923076923077 0.05301204819277108
1 0.8269230769230769 0.4072289156626506 0.03365384615384615 0.043373493975903614
1 0.5793269230769231 0.4036144578313253 0.04326923076923077 0.05060240963855422
1 0.8689903846153846 0.39156626506024095 0.04567307692307692 0.05542168674698795
1 0.6286057692307693 0.41325301204819276 0.040865384615384616 0.05060240963855422
1 0.12980769230769232 0.3493975903614458 0.0625 0.06746987951807229