0 0.1045673076923077 0.32211538461538464 0.026442307692307692 0.028846153846153848
0 0.019230769230769232 0.3245192307692308 0.02403846153846154 0.028846153846153848
1 0.4495192307692308 0.007211538461538462 0.0625 0.014423076923076924
0 0.06129807692307692 0.013221153846153846 0.040865384615384616 0.026442307692307692
1 0.5144230769230769 0.02283653846153846 0.08653846153846154 0.04567307692307692
0 0.05889423076923077 0.32211538461538464 0.036057692307692304 0.038461538461538464
1 0.5649038461538461 0.30408653846153844 0.04326923076923077 0.06971153846153846
0 0.9699519230769231 0.10216346153846154 0.06009615384615385 0.12740384615384615
1 0.5649038461538461 0.03125 0.04326923076923077 0.0625
0 0.96875 0.22596153846153846 0.0625 0.125
1 0.5108173076923077 0.3317307692307692 0.06971153846153846 0.09134615384615384
1 0.4651442307692308 0.27403846153846156 0.06009615384615385 0.07211538461538461
1 0.5949519230769231 0.0625 0.06971153846153846 0.08653846153846154
1 0.5949519230769231 0.26802884615384615 0.06971153846153846 0.0889423076923077
1 0.46634615384615385 0.054086538461538464 0.0625 0.07451923076923077
1 0.4543269230769231 0.375 0.09134615384615384 0.11057692307692307
1 0.2800480769230769 0.27884615384615385 0.09375 0.1201923076923077
1 0.28125 0.052884615384615384 0.09615384615384616 0.10576923076923077