0 0.10817307692307693 0.00963855421686747 0.0673076923076923 0.01927710843373494
0 0.8653846153846154 0.3397590361445783 0.0625 0.05783132530120482
0 0.5661057692307693 0.3349397590361446 0.040865384615384616 0.05783132530120482
0 0.6466346153846154 0.36987951807228914 0.04807692307692308 0.060240963855421686
0 0.3557692307692308 0.3337349397590361 0.04807692307692308 0.06506024096385542
0 0.20072115384615385 0.344578313253012 0.055288461538461536 0.06746987951807229
0 0.44591346153846156 0.3421686746987952 0.055288461538461536 0.07228915662650602
0 0.8665865384615384 0.3819277108433735 0.06971153846153846 0.07951807228915662
0 0.31850961538461536 0.3650602409638554 0.06490384615384616 0.07951807228915662
0 0.7091346153846154 0.3530120481927711 0.0673076923076923 0.08433734939759036
0 0.109375 0.3168674698795181 0.06490384615384616 0.08433734939759036
0 0.515625 0.3433734939759036 0.06009615384615385 0.08433734939759036