1 0.6334134615384616 0.014457831325301205 0.055288461538461536 0.02891566265060241
1 0.328125 0.01566265060240964 0.05048076923076923 0.03132530120481928
0 0.43149038461538464 0.5602409638554217 0.026442307692307692 0.03132530120481928
0 0.5132211538461539 0.5385542168674698 0.03125 0.03614457831325301
0 0.6418269230769231 0.5397590361445783 0.038461538461538464 0.04819277108433735
0 0.5865384615384616 0.5445783132530121 0.028846153846153848 0.033734939759036145
0 0.28846153846153844 0.5457831325301205 0.03365384615384615 0.04096385542168675
0 0.46634615384615385 0.5506024096385542 0.04326923076923077 0.05060240963855422
0 0.22956730769230768 0.5518072289156627 0.04567307692307692 0.04819277108433735
0 0.8341346153846154 0.5445783132530121 0.04326923076923077 0.05301204819277108
0 0.5588942307692307 0.5204819277108433 0.04567307692307692 0.04819277108433735